                   MONTHLY CLIMATOLOGICAL SUMMARY for sep 2026


NAME: El Campillo (Rivas-Vaciamadrid)                  
ELEV: 539 metros    LAT: 39-11.40 N    LONG: 003-18.00 W


                   TEMPERATURE (C), RAIN (mm), WIND SPEED (m/s)

                                         HEAT   COOL         AVG
      MEAN                               DEG    DEG          WIND                   DOM
DAY   TEMP   HIGH   TIME    LOW   TIME   DAYS   DAYS   RAIN  SPEED   HIGH   TIME    DIR
---------------------------------------------------------------------------------------
 01   25,9   35,4  18:21   17,6  05:09    0,0    4,4    0,0    0,0    0,0  00:00     90
 02   25,6   37,0  18:04   14,9  07:48    0,0    4,2    0,0    0,0    0,0  00:00     90
 03   27,3   38,8  18:15   15,9  07:26    0,0    5,2    0,0    0,0    0,0  00:00     90
 04   27,0   39,2  16:27   15,4  07:12    0,0    5,0    0,0    0,0    0,0  00:00     90
 05   28,5   37,7  14:13   20,7  06:21    0,0    5,8    0,0    0,0    0,0  00:00     90
 06   29,5   38,0  18:02   21,5  08:34    0,0    6,4    0,0    0,0    0,0  00:00     90
 07   27,9   38,4  17:07   18,7  07:57    0,0    5,5    0,0    0,0    0,0  00:00     90
 08   27,0   35,8  14:43   18,2  08:07    0,0    5,0    0,0    0,0    0,0  00:00     90
 09   23,1   27,8  15:37   17,9  23:59    0,0    2,8    0,2    0,0    0,0  00:00     90
 10   18,7   28,3  19:08   11,0  07:43    0,0    0,4    0,0    0,0    0,0  00:00     90
 11   20,7   32,0  18:17    9,5  06:24    0,0    1,5    0,0    0,0    0,0  00:00     90
 12   23,6   33,3  17:13   13,3  08:01    0,0    3,1    0,0    0,0    0,0  00:00     90
 13   25,1   33,7  18:01   16,7  07:01    0,0    3,9    0,0    0,0    0,0  00:00     90
 14   25,5   35,2  17:05   17,2  05:36    0,0    4,2    0,0    0,0    0,0  00:00     90
 15   25,2   36,6  17:36   15,0  07:31    0,0    4,0    0,0    0,0    0,0  00:00     90
 16   23,1   29,7  16:25   17,3  05:16    0,0    2,8    0,0    0,0    0,0  00:00     90
 17   20,6   27,8  16:24   14,8  08:23    0,0    1,4    0,0    0,0    0,0  00:00     90
 18   21,0   28,7  16:03   14,3  08:25    0,0    1,7    0,0    0,0    0,0  00:00     90
 19   22,2   29,7  18:05   15,7  07:54    0,0    2,3    0,0    0,0    0,0  00:00     90
 20   23,1   31,2  17:03   15,0  08:08    0,0    2,8    0,0    0,0    0,0  00:00     90
 21   22,1   32,7  18:13   12,1  07:42    0,0    2,3    0,0    0,0    0,0  00:00     90
 22   22,8   34,6  17:45   12,7  07:23    0,0    2,7    0,0    0,0    0,0  00:00     90
 23   23,3   34,7  17:49   13,2  06:44    0,0    2,9    0,0    0,0    0,0  00:00     90
 24   24,1   34,7  16:52   14,4  08:01    0,0    3,4    0,0    0,0    0,0  00:00     90
 25   23,4   35,4  17:35   13,5  08:14    0,0    3,0    0,0    0,0    0,0  00:00     90
 26
 27
 28
 29
 30
---------------------------------------------------------------------------------------
      24,3   39,2     04    9,5     11    0,0   86,8    0,2    0,0    0,0     01     90
    
